-1
-19
-7
-2
-3
+9
-17
+19
+3
+16
+7
-2
+5
+10
-1
+17
-4
+16
+10
-2
+6
-2
-18
+7
-3
+1
+18
-13
+15
-6
+5
-15
-17
-16
+7
+1
-17
-17
-15
+19
+1
+20
+11
-4
+13
-16
-22
-19
-2
-18
+3
+3
+8
-19
-10
+7
-13
-7
+16
-18
-5
-6
+3
-7
-6
-7
+3
-17
-8
+14
-13
+1
-13
-7
+14
-12
-12
-5
-13
-18
+5
+4
-7
-18
-10
-8
+7
-15
-2
-3
+6
-11
-14
+4
-18
+6
-12
-4
+5
+1
+15
+5
-7
+15
+18
-8
+16
+5
+12
+21
+19
+18
+5
+5
-4
-2
-2
-7
+18
-16
+15
+12
-6
+10
-14
+3
+9
-15
-2
+13
+7
+17
+13
+16
-7
+22
-18
-7
+15
-3
+18
-7
-3
+4
-10
+14
-17
-14
-9
+20
-16
-14
-1
-19
+9
-25
-23
-18
-12
-11
+7
-14
+15
-11
-5
+3
+18
+12
+20
+8
-9
-7
+18
-13
-13
+4
+18
+5
-16
-5
+15
-22
+18
-8
-20
-13
-15
-6
-9
-16
+3
+19
-5
+15
+12
+13
-14
+7
-11
+3
-12
-10
+4
-19
+5
-16
-20
-14
-2
+1
-18
-15
-8
+2
-5
+4
+11
+7
+15
-8
-9
-10
+6
+14
+19
-16
+14
+16
-6
+9
+12
+9
+16
-22
-10
-15
-5
+4
+5
-19
-9
-9
+2
-6
-18
+8
+22
-19
+12
-10
-15
-3
+11
+1
-18
-14
-6
-1
-14
-19
+8
-10
+4
+13
+10
+2
-10
-11
-5
-6
+1
+14
-19
-7
-4
-10
-5
+10
+12
+10
+8
-1
+9
+10
+13
+19
-14
+5
+13
-16
+5
+5
+3
+6
-10
+6
+19
+8
+19
-4
-9
+19
+19
+5
+3
+4
-15
+36
-14
-23
-19
-7
+4
+11
+25
-7
+15
-3
+26
-13
+21
+22
-4
+21
+5
-13
+17
-5
-7
+10
+15
-23
+21
+26
+24
-1
-3
-5
+16
+13
-5
-18
-12
+13
-4
+18
+4
-7
+21
-7
+18
-15
-15
-1
+24
+18
-10
+18
+15
+10
-1
+18
+8
-7
-16
+7
-12
+4
-20
-9
+11
+21
-19
+1
-4
-3
-8
+7
-17
+12
+49
-15
-2
+32
+10
+8
-11
-14
+6
+13
-4
-2
+15
-6
+1
+4
+10
+2
-1
+10
+10
-17
+2
+11
-2
+10
+8
-10
+12
+9
+15
-6
-6
-17
+4
+2
+13
+16
-13
-7
+9
+9
-15
+3
-5
+18
+3
+7
-14
-17
-11
-3
-11
+1
-3
+6
+5
+10
+3
-16
-4
+6
+12
+18
+16
+4
+14
-4
+8
+6
-5
-13
-12
+1
-5
+11
+8
-4
-6
+12
+15
+18
+9
+12
+9
-6
+11
-20
+14
-16
-10
+14
+2
-7
-8
-9
-1
+5
+15
-12
-4
-17
-18
+23
+10
-18
+11
+1
-2
-15
-13
-19
-4
-2
-14
+17
+11
-1
-6
+11
+15
+19
-3
+13
-12
-2
-25
+11
+7
+3
+13
+16
+10
+8
-4
+3
-15
-19
+2
+14
-2
+34
+15
-2
+5
-9
+12
+4
-17
+15
-4
+7
+1
+5
+7
+24
-9
-19
+1
-7
+19
-2
-12
+10
-2
+16
-11
-30
-13
+7
-5
-17
-51
-6
-7
-5
-29
-63
+10
-5
-18
-21
-8
+17
-2
-19
+20
-25
-45
-16
-22
-15
+5
-200
-1
+17
-6
-48
-13
+71
-32
+124
+11
-21
-21
-10
+245
+72
-3
+11
-29
+32
+326
+319
+79928
+18
+15
+16
-8
-3
-8
-10
-7
-14
+16
+13
-5
-11
-19
-4
-19
-17
+19
+11
+12
+1
-14
+9
+14
-4
+9
-3
+10
+7
+15
+14
+16
-15
+5
+11
-2
+3
-16
+12
+19
+3
+2
-1
+4
+5
+14
+15
-7
-9
-14
-5
+15
+19
-8
+19
-6
-3
-6
+7
+1
+9
-5
-19
-19
+12
+8
-3
-19
-3
-12
-7
-10
-6
-7
-15
-14
+8
+15
+1
-19
-15
-13
-18
-5
-10
-11
+2
-14
-14
+12
-6
+7
+16
+6
-18
+13
+16
-7
+20
+10
-21
-17
-12
+3
-17
+18
-19
+14
+14
+17
-11
+5
-7
-16
+4
+17
+12
+13
+14
-6
+12
+17
+11
+14
+6
+12
+4
+4
+6
+16
-4
-19
-16
-4
+18
-2
+8
+21
+14
+2
+14
+5
+17
+2
-4
-9
+10
+2
-14
+18
+4
+16
-15
-19
+17
+7
-3
+10
-4
-11
+19
-5
-17
-16
-3
+1
+8
+12
+5
+16
+16
-1
+18
+11
+10
-19
+5
+10
-4
-14
-8
+2
-8
-17
+2
-14
+16
+12
-5
+25
+18
+8
-14
+18
+13
+18
+5
+12
+13
-17
-5
-7
-12
+1
-6
+7
+7
+9
+19
-14
+3
+16
+15
-18
+17
-6
-14
-11
-15
+19
+11
+11
+2
-4
-16
-20
-5
-11
+1
+5
-17
-4
+9
+8
-5
-21
+15
-14
-19
+10
+22
+18
-16
-6
+13
+18
+17
-4
+11
+7
-13
-10
-1
+9
+18
-13
+20
+15
+6
-3
-7
-4
-4
-11
-13
-14
-16
-19
-19
+15
-10
+8
-19
-8
-20
-5
+9
-1
+19
+15
+1
+20
-13
-19
-9
-15
-19
-10
-5
+19
-10
+12
+22
+8
-4
+17
+14
+14
+14
+11
+26
+18
+13
+17
+8
+15
+12
+8
-12
-11
+7
+9
-2
+14
+14
+13
-2
+14
+7
-4
+3
-10
+8
-13
+14
+6
-16
+14
+3
+13
+10
-18
-4
+13
+18
+17
-12
+14
+17
+2
+12
-10
-3
-14
+21
-5
-11
-8
+1
+6
-12
+7
-16
-8
-12
+15
-5
-16
-10
+7
-5
+12
+15
+4
+5
-4
-16
-17
-5
+13
+16
-12
+10
+18
-17
-20
+13
+2
+20
-7
-12
-5
-10
+17
+24
+15
+1
-7
-18
+6
-16
+15
+18
+15
+24
-7
-6
-30
-8
-8
+4
-38
-12
-6
-8
-12
-14
+8
-18
-5
+14
+12
-15
+2
+3
-14
+17
-18
+16
+7
+3
+7
+12
-16
-9
+16
+8
-17
-16
-80486
