6543298761232134567654321234365430109789210765
7630165450545023698743430143278121218654307876
8781074305656712587412945056189054327610128965
9692181212789803654307876567098769016501201234
8543290325654908743216521098778978039432343210
1012107812343219210127432101065432128765464569
8703456901432101021858921098123498012346678978
9698767876545832210961012567898567109656541066
0543678989836943367878983456547010478765432127
1234569834787894450123672561032123567345345698
8705450125690765645674501870129854438936216787
9612325678501234734983465985438763520127303456
0549814789456789821567874376579654011298012367
1236703210321098980432989210189503567885410198
0145610123010123671301065123679012456956328765
2125898016134564547219874034578654320167019954
1034567667821078998765723410165743210298907823
2101215454910899789054010567234894109347876910
3432109323856789670123120198654301078456585410
4569218012541008765434103296785212562345694321
5678107873432210894120254589698943421034783210
6760256976501345703091345678899874014345115432
5801345488989856912782987010710762321236006781
4912352397430767824653456123601051430347112390
3983401256521956543241089234512340554398203454
2876510342107867852130176541329429663294345965
1089459656236238901021287430458218776187654874
2012368789845121652012396521567309889076567876
3001871656903030743189465432456456776985678945
2100980347812349876676576321078944567034569432
3231291210101656734589689234561323498123253211
4945387667892109825678710105430212234510104500
5876456108743276710265431016521001107601067601
6700123219654985610176721037815410098432188932
5217634508989414323789872348906321016501098543
4398549607678501234567961059817892107890107676
3210498714565430104498854367876765226981238985
4782107123645621223421343458987014312876543214
5693898034564789014530012121898123103987454103
8764796543673298987645430010987035654036567812
9855687234982187656786521027876546789145658901
8544590127651012565497890038985589690237849878
1234210098545671434387912147104676521056932569
0110367653234780301275403456203465432345691410
3223458910125691215676323569312394341210780323
4334389871210101234981019878456787430101671410
