-2448
-3172
-3071
3905
7335
-6575
-3123
-1695
872
-4240
-2438
-9804
-423
-4900
3663
-5053
-6704
5427
8363
-3965
2061
4143
-3352
8015
8657
3554
3799
-6100
-9334
4619
745
-5128
5488
3705
-9449
474
6945
8038
6665
242
-2750
600
791
8612
5137
-429
-3333
2318
7877
-8907
-3232
8319
1969
-7024
7327
5565
3453
1377
-8504
7724
9419
2304
-3191
9985
-4022
-3623
-3405
-817
5851
9
-7548
-7708
9618
9973
799
1858
4291
-1394
-3209
1755
3754
4169
-1649
-6380
-191
-964
8816
-4916
4084
-3051
-9123
8527
-9484
3352
8477
-7312
6224
-6803
-5482
4777
6231
2770
7137
8872
8543
3400
5381
-5296
3732
601
-5177
3564
-7525
8380
-7345
-8032
4234
-983
-1934
-5287
-915
-445
7447
-6387
-6933
7505
828
-5182
-2702
961
-7601
7241
-2604
8754
423
2807
2759
-2480
7633
-1673
-916
8416
-2270
4065
5480
-395
5467
4280
5309
7818
2937
8174
6420
1684
7672
7132
7379
4696
8543
-9864
-5262
6095
9137
340
5189
-1542
6312
9055
9210
-8332
3192
-9073
8101
1717
4945
9055
3148
-3033
-4811
9679
-7982
-6430
4281
2404
2053
-1640
-3435
-324
6987
3045
4678
-3104
4915
-9181
8959
7460
-4177
-3752
1750
-9139
8327
2905
3172
7170
8661
-6044
7524
9189
3112
6092
3038
-3555
5141
-2558
-7226
-8686
4580
8263
8060
9269
1601
-5939
1294
-8370
1609
-2648
-3031
-7812
-8963
-4910
-8970
-2043
-5045
1785
-9267
9555
7920
4163
2501
-2366
-6528
5477
4004
-1378
3752
-9912
8196
7008
-3610
6032
-4244
-251
6119
9061
-8939
-1459
4853
3414
-2800
231
1496
-3292
-7761
3308
7510
-1236
6992
6175
5178
-7405
-6539
-7041
-956
9680
6614
-6356
5572
-4702
5418
8792
8196
-6683
-2797
-6077
8329
-7131
1388
-932
-9996
-6205
4398
-2871
3931
-4516
-187
6690
-7278
-8560
7539
-7586
8016
8471
8751
-7343
8561
5941
1119
-6606
4143
-1101
-7648
2704
8196
-2879
-1907
-5619
-1052
3933
-1355
4483
-6787
-7671
628
8731
-165
-792
5335
-8616
4339
6020
-2626
-1934
4001
-6446
-7218
5358
2962
2340
-4022
7745
-431
3902
8027
-9508
9098
-4244
7165
-3785
-7357
8225
-9904
-3092
2924
-7932
-1991
4218
3293
-4065
-5618
1033
-2348
5322
8070
2937
-4900
-1051
5915
4101
111
-1010
-7195
-7086
311
-4202
-8358
-1811
-5929
7146
4914
-6887
3505
-3552
-2232
3813
4385
6982
6829
-8923
-6222
-5647
-3931
-9514
-7739
6966
-5032
3095
3237
-7171
-734
358
-5782
-2639
-3585
-1374
5526
1174
-4643
-7203
-82
-6994
-4735
8918
9317
9540
2959
4562
4339
-8696
6797
-7631
5358
310
-1657
5407
-2929
2788
-4787
4706
5129
-6715
8503
-5910
-9465
-1543
3613
-6651
6469
-4183
8183
923
4334
4385
7510
-3632
4701
-2507
-301
-3758
1881
-4455
5540
5916
-2625
-7950
-5537
4372
-2871
-4974
9913
-5910
2841
-1658
-5585
6338
6012
-214
1120
-8505
-9342
-3006
3382
3175
8741
6490
7332
-9177
2379
-4848
6565
1433
1555
4245
-9669
-6953
-1107
-6345
-5721
5889
-4171
6670
3459
4004
7503
-9876
8425
5570
-1657
1597
-8171
676
6475
-6767
-7191
3612
-3671
8463
-4956
-5865
7958
7801
-4436
2842
3708
-2891
9064
-2823
7054
-3075
-5835
-9204
-983
-6154
3996
-6188
-6086
328
5154
-8629
-6771
3473
5768
-2505
-627
1183
3069
-5830
9742
2061
7272
5916
-37
-500
-9278
698
9874
162
-8357
-3301
7500
-6914
9905
2161
-1792
5507
5169
-5316
-5286
1849
-6199
2051
-9412
5828
-8621
6482
-3931
-9280
-2626
1812
-7573
-4741
5513
2907
4427
-7367
-9750
-9371
6274
-5670
4914
126
-7719
-7752
-4798
-311
5763
-2438
-6074
7728
-9998
-5510
-3741
-5071
1692
-6889
-4679
-7304
4333
9257
-648
8183
-4143
3831
-1568
-1378
2496
2043
-836
-3409
-7572
8809
2364
7160
3339
7691
3485
3299
1938
1755
5615
-5743
-4288
3549
1686
-1961
-3350
-4216
-9325
-9385
3230
-6983
3390
9387
-6650
318
85
-2573
-1599
8914
6369
2793
-5598
1141
-4900
-9042
-3350
-8550
3195
-3473
-3795
-4059
6144
-6037
-6208
-1320
2001
7969
3518
4851
-3538
2671
1012
-8616
-2965
9842
-2507
1194
9357
-9527
56
-7008
9844
-2213
-8845
3045
3585
4264
8918
-4580
6357
-6592
7108
-3328
1641
5526
513
-8615
5878
8249
6359
536
-4469
-3268
6931
5753
5000
7789
2278
-1753
-6733
8647
-1935
-6485
43
4508
-1673
3770
-5795
678
-2597
2955
5680
7420
-9250
-752
778
-6551
-453
9474
4005
-4867
1160
-4679
5021
-9792
3580
7196
-169
3401
-3332
5694
-9913
4708
29
5716
-2029
-1189
-3134
8097
-1116
-6292
6194
-2234
-8434
-9484
2109
2844
4405
-4784
-8721
-6511
2092
3707
-1119
5948
5677
-8208
3204
-596
-4244
1858
-5741
6442
5467
8822
-7964
7679
7094
-4956
-4021
8882
8819
-9415
8476
5777
-9975
233
-8823
-7278
8128
204
9189
-9915
-826
-939
-1356
4405
226
-5849
6069
6303
3242
-596
-5776
-8523
1865
-4551
-2772
-5008
-3172
9114
-5406
5082
-4121
2194
-2296
8294
1131
2722
5367
-8761
9765
-2857
-2952
-8069
-7167
-9546
4551
314
2136
-8207
799
1730
-7428
8661
-217
-7629
-9291
3427
-256
9307
8196
-2228
-1276
-316
9479
8450
-2163
5022
-5619
1583
-4391
2157
1366
7743
-2430
-6541
4090
-5774
-3877
-1158
-2871
5227
9286
-5269
9803
-9097
-7568
-2448
-6846
6715
-4630
-4568
9275
-84
-7806
-3275
-343
-8889
3819
7842
-3405
4274
5381
6841
-2846
-2344
3248
6308
6756
8875
-1278
0
-6406
6202
-272
-3555
-8504
-7221
-8158
-6614
639
4409
828
2810
7091
807
5992
-5347
8800
-2166
-5973
9409
8955
3076
9832
1921
-8001
6849
4622
42
8245
-5547
-6448
8893
8329
-1377
3519
-1664
6056
-8317
-1370
-4956
-1425
-8859
9637
-4631
3897
6043
4562
-4522
9068
4139
9330
-6448
-5383
-2446
310
-9215
-6044
7459
5305
3832
-2871
9228
-4622
-9497
4731
7384
-4023
-4982
6057
-4911
-8584
788
-4039
-8613
3620
3089
-302
9246
5299
2063
-9762
8761
5085
4548
1474
6752
-9354
-3284
5700
-5856
-3865
2599
-552
3218
-9003
3905
9039
-4520
-9535
5066
-4182
-1065
-7877
4722
3297
-2464
301
-5046
-4019
-246
-5209
-763
-8985
3548
-2179
9973
-4738
-740
8805
5782
6925
-768
-1548
-9459
721
-9424
8863
-6074
-3762
-4175
-7131
813
5595
9957
-4961
-2783
9357
-8312
1376
4709
-3229
3401
-8231
7409
-4617
5082
-9956
5813
7974
-2456
255
8027
-7864
4619
-7013
-7583
-9049
-1497
-3102
-4703
4701
-6563
1709
-5585
-3281
874
6528
5837
8240
1282
-1973
-8616
7754
44
3466
-9459
-6086
2491
-9254
-7863
6737
5431
3877
1067
1291
4196
-9015
-4428
2085
-839
1182
4326
4430
-1102
-551
-2891
8210
-3789
1627
-2344
5369
-1983
3323
8734
-3381
-7785
-4851
1220
7214
-3480
-404
-7948
3038
7061
6408
-8771
22
8204
-6741
5245
8446
-6913
4535
-2513
5715
-9861
-1368
-5528
3670
-881
-8763
-2910
-7248
1122
-3558
-6716
5682
-3073
-836
9163
-5960
-1443
-1552
-6246
9228
8128
5236
3610
-3455
-3538
8302
2154
-3666
1954
4839
4541
-3362
6163
1240
9521
4493
-3453
7496
-2730
8771
-1764
5467
-6154
-5360
-1856
4948
-6993
-552
-3375
1787
7165
-9988
4914
2626
-3076
2766
9555
560
5547
-4175
8822
-3362
558
-2690
2751
3721
4322
5797
8472
3088
-9507
271
-8627
6705
2200
-9073
-8527
-4231
4323
-2954
-604
261
9208
-4633
-3037
6376
-1402
2434
3185
8770
-2379
-9494
6460
1212
4871
1502
-7481
-3322
955
3892
8661
2032
-3847
-5101
6806
-939
-3069
3129
5927
7801
6288
3699
9208
7826
1828
-4923
9000
6909
874
-8811
-4989
2161
4483
7137
5110
-5803
-7429
9403
-7915
-4893
4253
-9298
-1994
1865
-4719
839
123
-6027
-881
4136
2174
353
-2678
3297
9263
4333
-2379
7801
-7383
-4022
9973
-3728
-4736
5820
-5125
2443
6369
-8290
-1934
3275
-7321
-7108
3287
-9428
9742
4914
-4811
-6541
7291
24
141
-4252
1456
8626
-6218
8635
6569
-9886
2887
-7772
-3558
8910
3352
-8963
-9874
-1783
5621
-3092
-7440
3951
-8270
-1188
1339
-337
3327
6233
8523
6511
-1425
6475
-5870
908
3111
3194
-5413
7305
-5295
-9786
1247
-6703
-7744
-3134
2349
8916
-2144
997
3327
-4801
9828
4032
-8216
-3536
-5019
5889
4142
-8799
-9528
-222
867
-1693
-6585
2596
2753
4336
-9706
2109
-6802
-1449
8057
-6219
8473
2819
3227
5082
-9385
6808
4333
4734
8183
6798
3908
-32
-6293
4369
-1127
7093
-1784
-2563
8754
5681
-4483
9937
-1011
5087
-763
957
9593
-2511
6811
5771
-7034
896
-2549
-1363
4334
-4614
3268
-8355
-746
-5510
-3157
-8687
-4485
5335
-5336
8302
-8979
-2484
1000
-8443
-4461
8981
-8505
-2223
1320
-7628
-1180
-8596
-5230
4520
1339
-7079
-5743
-7877
4125
1240
2770
4485
6603
-7212
9913
207
-4730
8940
4063
9632
7833
-9797
163
-944
-287
-5952
-5259
7175
-5214
-8662
-9450
-3785
6094
5623
-9298
-8285
7183
527
42
-1011
-1868
-9761
6896
73
-6023
7341
-3214
-4512
-5530
-7583
8752
2929
2433
8132
-6215
-809
-9254
9997
-5803
1958
6471
717
5778
-3354
-7319
-8907
-2905
3293
3700
2365
1029
2841
-1842
1175
-3931
-2387
-7722
-7345
-8443
-4849
-7637
6975
-4696
2624
7854
-4406
7175
4430
3786
-4835
-4211
8495
-3547
9556
-9340
-6575
-2229
-4406
7183
4510
-8656
1825
8501
-3754
4958
-2877
2208
2062
2984
8828
4046
6756
1322
5673
7510
3699
9252
9848
-2501
-9042
-1587
4789
-7703
5797
6128
105
-4768
8948
-5504
-173
5698
3567
-6673
-2891
-5378
8183
-3458
4653
-5969
3180
-1048
8751
-5830
-2217
-7626
-505
1454
-2072
-5053
-3638
2779
-2974
-2229
8821
-2209
-854
7526
-6626
-2135
-463
9052
7445
1055
-1530
6787
4063
4985
8524
-9767
-6223
1854
-6023
4535
-8365
7679
-1326
-5119
-6688
8462
-77
3926
9296
-4503
-287
-4756
1877
-7165
9688
-946
9583
-9517
-6640
-4075
-8587
-2037
562
-689
-3558
4297
-4216
4915
506
-6358
-5372
3050
-6929
9830
-2353
9227
4640
-7278
-2841
3227
-6532
-4603
1873
4981
6039
-4023
-1170
4016
-9146
6186
1717
37
7790
-4979
-9483
-1427
5837
6537
2059
3827
-1933
1056
6300
-4231
6639
-1010
-3279
-5008
-4233
4073
-8382
-7260
5547
-3651
5902
3500
8752
1000
-5859
1513
-8880
3865
258
-3435
2047
-5930
258
2375
-3768
-7597
-8790
7822
730
6426
1639
-5382
-9326
-2069
-9751
6034
3831
1789
1379
514
5877
-7516
7175
-5661
-8620
9937
-6023
-8970
7790
-4972
-6672
-4149
5393
5317
-3541
-4772
3622
9828
-2667
7296
6811
1286
1458
-2729
8360
539
4452
-5822
9296
3861
-3006
-5697
7310
-8819
-6636
-4436
-3144
2109
-3745
-6364
5142
-2947
-7838
-7557
5753
2881
-1811
5027
199
9055
-6640
2523
2082
-4455
-5119
4580
-8693
7701
6098
5752
-2717
3622
9055
-8938
-6056
-9745
-2676
-6580
3926
4001
-922
-9762
-9232
-2585
5303
-1753
9018
-2528
7102
1928
8917
425
7689
-6421
4715
3162
2896
-2279
2250
4921
-1401
6070
506
6416
8789
8561
2930
-4267
-4407
-820
9009
4416
-7580
-2983
-2059
3275
5359
-6373
-1959
-6635
-9367
-4031
-3646
5289
-2276
-8993
-4956
6962
2793
-2214
5392
8079
750
-3011
-6215
264
1039
-1993
-3352
-222
-8332
5329
-7637
3935
-5124
9411
-8505
-6309
-5601
-7100
2896
-851
-2729
6772
-9071
9492
-4474
6082
5557
5131
4773
2295
-2438
-1226
6929
-5697
9473
-7226
2063
9452
1384
8486
2051
4753
-4861
-2818
5291
7470
-1795
-1675
-278
-1657
1150
-1550
-1657
-7837
-7714
-6845
3895
4533
-8100
-8219
7774
3148
2845
9280
3978
1681
-8921
-1610
1656
7249
-4970
-2543
2512
9838
-1414
-7481
4875
6224
4410
-6435
2450
-6560
-146
-4271
-6729
8533
-9344
748
1750
2952
-428
6041
-2483
7157
3214
-2484
6188
-9999
4594
5570
-2494
-2561
7718
8195
-1836
6483
-2139
-9799
2481
-3065
3153
3327
4421
-8673
-7720
4875
7721
1170
1329
9462
1755
8624
9846
3076
8262
-2877
1529
3907
4260
4875
9009
4816
-4851
-1749
-7319
8307
6300
-2557
3431
5142
-8053
-768
-2673
-503
-8330
9163
542
5027
-881
8294
-5859
-3062
-2462
-6688
4652
5018
-3157
-6316
8405
2934
1538
-5609
2369
7992
-5629
4460
7359
1928
4721
-1834
-2945
-3071
1588
-346
6845
1665
2414
-1019
3100
2161
9187
3737
6773
5875
3841
7245
1662
-2213
-1614
-5288
8111
-7723
-7081
-4675
-3333
141
153
-9939
-5386
-6291
-6161
8821
-3911
-6540
-5969
-7702
8568
2239
-7028
-5739
79
5992
-2559
7909
9794
-6529
-534
4652
-6481
412
7378
2187
-1626
6058
5804
-1658
1390
-7146
-1612
5467
-9730
-5197
658
-1170
-2921
-8742
-6353
4003
882
-8781
-5435
6411
-6312
270
-6390
-9937
-1900
4091
-5382
8545
-9204
-3657
8190
1076
-679
-7185
9742
2232
-8726
-2463
-8230
777
8970
1526
2667
6128
3086
-1917
1326
8495
8575
7291
5623
-5878
-1976
-3576
-3117
9131
9943
9061
6172
9838
4318
-7088
-609
9029
-5806
-9762
-7652
-8602
-2226
-5457
5927
-2500
-3090
-9799
-6686
-2895
5880
6369
-7583
7658
-4158
7416
-8665
-1761
3895
1183
-6532
-5654
-8309
-5619
-2353
-6770
3207
484
3204
3707
-1440
-8053
2962
5291
6460
-6575
-5960
-2794
9563
9722
1877
4036
-1062
5513
-2702
9267
3248
-882
-1666
-3463
-5590
-5372
5591
-2497
2963
-9755
-7365
-5219
-8979
-2429
-5360
4478
813
-5474
-6154
-503
-362
896
6824
4934
-8761
-3852
6016
9810
1983
-6616
-9804
9250
2771
-6457
9499
-7948
172
5178
3253
-6084
7134
5472
-5413
2926
3388
-415
7352
-4567
9583
-6423
6626
9677
-7100
-4149
-6681
-4457
6162
5972
5474
9810
6746
9973
302
9995
473
-3933
-1208
-3754
-4407
4336
-4970
-1460
6854
-5663
-6720
-6695
-7055
-8771
-9415
-8176
9884
-8908
-2455
-4435
3055
7310
2233
9132
1323
3813
9628
4412
1872
-272
-561
5385
-997
4150
4953
3237
-7332
-6041
3831
-4074
8599
-6643
-3789
-5510
1873
-3099
-9412
-8202
-2520
9394
-9314
4490
2045
-2356
-1425
7816
9424
-2082
2735
-4288
4706
-1646
6900
-6098
5085
2400
-5780
2434
1216
2527
3693
-3513
-9188
-9750
9108
933
-4768
-3751
-7892
1809
1366
-8681
-6143
-2590
8683
6879
9113
3459
-7453
4412
4528
1881
2279
-846
-2820
-74
7881
-4925
-5900
-2287
6874
3352
9835
-1962
-8523
-7637
8571
3284
-6676
-851
8358
9491
3418
4625
6785
5866
1248
-2964
-6840
-3191
5720
-3443
9080
-3820
1337
4080
-452
-2082
-9100
-8728
3760
1254
-7321
6396
-5878
-392
-9484
4847
4002
-382
-7501
-2806
9646
-7960
-4292
-6456
6257
-7516
-970
-5295
4871
-5483
-1436
-9843
8599
-9016
933
2809
2663
-1844
-1116
5367
3729
-7927
-8616
-2679
-262
-626
7448
2541
5895
-6215
1553
5813
9104
-4143
-414
4572
-3369
-7283
4667
-2682
5642
3241
5995
4643
3635
-2624
1362
-138
-1226
-7121
-8190
639
-5319
721
-9764
8058
-6639
-6715
8281
-1967
-9260
-4428
-6661
8666
-8372
-2329
7208
9419
7462
-5547
2172
-4338
5482
9447
-865
-8445
-8948
-529
-9618
8940
7801
-6643
6576
-3671
5715
105
-1444
-1784
-7710
-8419
-7656
9310
8091
-4644
-4671
565
-4397
-4389
-7591
8769
6665
7678
-8096
4735
6618
6865
-1754
-5089
-9713
9642
2194
-5656
9257
8650
445
4866
617
-5085
-8190
-7004
-1085
-2078
1456
8661
-6293
8571
-9342
-6182
-2448
6112
-3184
9553
1553
-2276
-6353
-7799
5342
-8913
951
6623
-1116
4163
2735
7978
3806
-522
-7938
-7065
3851
-4817
-8542
5432
7613
3813
7871
-7382
-2262
-9269
4643
4773
6140
3070
3383
-5769
-7086
-2573
2696
8037
-4813
3829
-6588
-4338
5274
3310
819
-7516
3218
1945
6227
9246
-3362
-3590
-7637
1908
-9441
7816
-8217
6393
-5406
-9050
-8118
4296
-1414
-6829
6442
5488
1671
-8378
513
-4379
4606
-6137
-8463
-7637
6527
9474
4790
5035
-327
-8195
4063
-4533
8581
-9117
2620
-1014
6410
-6687
-7154
-6341
3044
-8309
-3104
9715
-2275
1750
-9414
-4603
5367
-6905
-1468
-1355
-7601
-6423
-1685
3981
-4233
-6635
-2120
-9326
7724
3780
127
-9736
2991
9
8450
1748
5677
6410
-5182
-4261
1899
8875
2729
7974
4102
-2097
6090
6778
-3394
6410
5177
-4239
3100
-1515
1832
2426
3505
-8613
2088
6483
3278
8351
2778
-4590
4136
3589
-2843
-9137
-5797
1090
2029
-3752
-6933
3263
6251
3333
1225
-1101
5571
7624
6084
-5296
7153
-7932
4961
8910
-4451
1247
-6441
3963
-1715
4615
-2964
-8435
-9497
-292
-8195
3038
-2194
-6517
-2497
8748
-263
8666
-8008
7772
6516
1941
-6657
-2557
6408
-1468
-637
4402
5877
1950
1035
7282
5435
9020
8206
-106
-734
-5698
8791
-1326
-7569
-6996
9460
2758
-7601
3914
-3538
3003
-3683
-7450
-531
9419
5482
7245
-9484
-6547
4541
9848
-1280
9866
3788
3115
1809
-6580
-1272
5293
5738
-1188
-2084
1415
-4933
-9525
-8440
6804
7991
-4418
5227
-3275
-1975
6940
-4000
1379
-9527
2832
-5311
7332
2962
-1754
2455
6425
790
2432
-2888
-6926
-3042
2559
6516
7090
-9440
-7709
-1134
3221
-5204
-2553
8038
-9351
-2687
9568
1800
163
7245
7728
5746
9146
-7322
7247
-9777
5540
4031
7853
6896
4163
5029
-8761
-320
-5639
4578
-8831
-391
-4567
9217
9734
-3877
-2807
-469
-9741
-5435
-3321
-8911
7208
8501
-752
-8495
-2239
-1410
-8036
8111
-236
926
2899
-6624
7091
3098
-8692
360
-5755
5885
8990
8917
1551
-6364
8710
8930
6082
5539
-4389
-1047
-34
-7184
1359
2978
6523
-3745
3237
-9204
-963
-7357
6167
9607
-8013
-8168
-6026
-9501
918
7053
-1613
-9261
-8048
8751
-5776
-7350
2088
-7525
-9450
-4995
3693
-6297
8147
-5691
1063
8390
3270
5295
3932
-8900
7275
-7319
-7108
3019
8545
226
-2511
-2055
-6219
6452
7926
702
8523
8383
9452
-5354
-5288
-9706
-2438
-1010
-8219
-5854
-8673
-2877
6787
-2629
6945
-8719
-3482
-2907
9973
-8627
1441
-246
9191
-3383
6882
-1561
-2511
-3420
6987
2041
2364
8464
3599
3989
6971
7926
-8152
6340
-856
-403
-8572
8174
-2818
5958
-80
-808
9433
-6896
2424
7460
4055
3592
4040
3056
-9064
-8096
-5429
-1211
2415
9617
-6456
8854
-2965
8916
-7656
-117
-8821
9680
2164
-9179
-8771
2051
7613
2848
3648
4377
-5139
-9825
8654
-4867
-5307
-4207
-7863
1459
4432
6437
2474
8383
-3104
-3616
-2794
-16
9941
5403
9482
4245
-131
5278
1318
4641
-1213
3050
-3558
-4656
-1958
1566
9292
-4565
-2163
9909
6078
-4902
-6690
7763
2937
-27
7787
3039
8297
7690
2453
4706
7371
7093
8321
9275
-4332
-173
892
204
-4190
9275
-2513
1696
-8077
-8762
-8054
-7340
8696
3749
-1730
-7579
3094
-9502
514
-6373
1160
5357
4777
4643
-7249
-1649
1377
-3844
6821
-6983
-9246
218
458
5736
-8259
-5034
-9868
-6606
-3657
-1129
-9763
-1929
-3764
7492
-2208
-3418
-9569
-932
-8584
8844
-8730
-1351
5992
6426
-7650
-392
2353
781
-1015
-3688
-3327
-5688
9777
-2257
1538
9359
-1032
4245
5274
4504
5418
2730
-2681
-7501
-109
-372
258
3542
543
1239
7005
8767
-648
4489
4878
3385
7913
-7930
494
-851
-1787
-5322
5621
8660
-6106
-8098
6847
-4275
-2161
2161
5992
-5564
1812
7539
1988
3002
-6905
6390
-5328
2101
-1980
-686
-6700
-89
-1050
-3204
2623
3908
5828
-4314
6957
468
7510
-9045
-9015
1908
-3244
552
6311
-2553
-9021
2047
2961
-4321
2624
5661
9902
9909
4688
1499
9773
-9455
6069
-138
1170
6308
5344
2415
-9478
-8343
-634
-4485
-6687
-2552
-4845
-2344
-2126
6520
-9094
-6430
-3169
5995
-3731
6907
1865
8909
-8134
8359
9913
1877
-1353
-8728
-9088
6145
3246
5232
7459
-987
1119
-309
5740
-7499
-2616
9547
-835
3507
-8617
6426
1527
3806
6492
-7787
7834
-4533
-2232
-9752
-5528
1337
-3211
-2081
1144
156
-8580
-5913
8495
-2841
5626
-2172
3235
3998
3535
5539
-6056
2491
-3156
236
-7915
-6158
2029
-8443
-5448
7596
226
368
-9829
1641
-6029
-8173
9191
-4124
-534
-9015
7561
-1010
5503
9838
-1024
-9475
9972
2671
9424
410
5659
7550
4304
8079
-6841
7688
4209
-7982
6859
6011
-3655
-8002
-2052
-4379
9303
-2068
2314
-8539
5027
5868
-5530
-9866
1698
2276
-3895
2725
8450
878
-5386
-8038
-72
-1545
5150
7912
9578
3246
-4989
-6528
8246
-6300
-5213
-3275
-3209
9588
613
-6347
2947
4382
-5116
6298
8194
-3597
-4888
-5628
9574
4307
9035
-44
8476
-3861
-4927
592
4790
-7383
8118
1015
-4769
-504
-3938
853
8613
7718
5033
6752
2073
3850
-7547
1646
6289
-490
-6394
1708
5460
631
-6894
9650
-1333
-243
1406
-5286
-1071
-3439
-1010
-170
9540
-7629
5339
1094
-8523
7857
5499
-8198
6134
-6504
-3413
-1797
-4943
9393
-1155
24
-2232
-1489
-7181
-3458
-5592
-427
-4120
3908
-7703
519
-5951
-8347
448
3341
7500
-3541
163
5400
-3330
-5461
9607
-2951
645
-3321
-5431
-1224
-7274
-9052
-132
3385
-246
4722
2340
9567
7112
9781
-4889
-83
5948
-7237
7395
-809
-8341
-7692
-6560
8061
247
-2841
6455
3100
-1980
1325
-3422
4847
-5739
-5217
-5759
9686
-8827
-1913
-9481
-6605
-7115
5859
2775
1661
6616
3610
1251
472
-3383
6428
6606
7897
-5282
9665
-4649
9433
-6470
9191
-5275
4191
-3453
-7703
5274
-5549
-6866
7296
-1890
3098
3902
3479
7404
7726
-1854
2618
-5943
-2296
3308
3468
-5891
4397
7289
2230
6153
3528
-9497
-3403
1718
-4333
2365
4643
3313
-8810
-9614
-9050
7310
3284
2791
9111
6357
-7077
5094
-7368
7339
-5743
-7278
-1966
-1649
-862
7367
6842
6098
-1976
-4637
2414
-9915
-6032
-7352
-6661
-7525
458
-6771
-8590
1877
4543
-1580
5592
8842
-4296
8633
-7284
-4395
-9993
-9494
6671
3702
8685
3741
-3580
1474
-6490
-5567
8097
4453
-6353
-6364
9596
7633
5965
-7593
1732
9607
4108
-51
5982
162
-9173
4147
-6415
775
7049
6661
-5025
1255
9891
-4889
141
5017
4328
-3071
2829
-8395
8722
-8831
-62
7296
-6353
-5940
8742
4005
6741
9905
6747
-272
8767
1048
9257
9637
-4972
978
-2624
-3447
2182
7414
-4660
-4107
6248
5673
-6996
6905
2825
5001
1494
5304
6966
-9888
2496
994
5931
3272
-2520
3901
3627
9159
-8817
1329
-875
5499
6702
3295
-1022
8861
-7171
-6305
4641
-2678
-1523
2061
9129
-7772
-342
-1856
-7863
-7899
-2823
-3269
-2597
4734
-9092
-3689
-5581
1287
1365
2976
-9555
-4940
-6457
5127
-2902
-829
7301
4696
-6346
7086
4337
2232
-4430
3978
2273
-8856
-2932
-851
7779
-2242
-7011
7415
-2895
1460
-9163
8505
7384
-6415
-5943
-609
6376
-9745
-468
-5086
1998
241
7780
1913
-6755
-648
-5274
-6154
-5124
-7221
-7236
207
9907
188
1923
873
5348
-76
-8751
-2054
-3977
-3266
7134
-8692
3737
1249
7844
-9692
4483
-3794
-1410
-5086
-2239
7241
2187
-7382
4756
8723
8722
9150
7832
3539
2759
4898
-4498
5488
-1943
-3576
-637
1377
4393
-3433
5310
9894
4143
1831
-1428
3257
-6272
1911
-9879
8970
2590
6328
592
9364
9296
-5286
-1035
6804
6383
527
-8922
-8726
-6888
2681
-2910
8730
7745
7702
5959
-9750
-4341
9663
3737
4506
-5793
-7986
-6013
6824
1708
7822
9542
1131
658
9714
7695
-8330
7808
-5654
-1010
9842
8128
-6532
-3104
-5071
3240
9632
-6639
8329
7008
-9433
8271
814
874
-9324
8079
5293
1107
8602
-8329
3694
7985
3144
-7021
9474
3123
-8552
2453
-2303
123
-4424
5157
-6056
-1
-8703
7156
9357
-9964
-9541
1877
2180
6474
-4595
-8766
-2053
5303
-1001
8220
-9614
-6975
-3204
4111
-9294
-9822
418
-8880
8990
-518
9130
-7673
-336
-8096
-3031
-4266
-7008
9937
8095
5959
9865
3858
6940
-4952
2580
-6537
6913
4782
373
6756
-8728
7282
5335
-1162
3754
4329
1334
-5780
6301
-4714
-5219
6259
-2354
4800
6383
-3558
-6225
8769
-6926
7535
-66
7321
-2007
3565
8346
6772
-2563
6162
976
9061
8624
-5354
5716
2434
-9385
-1753
-4849
5357
6140
-9114
-7635
-4616
-1661
-7714
-109
8465
5571
6039
9563
-8061
-9643
-2511
9385
1789
-2462
4093
-8811
-2192
8472
5849
1854
6709
-1059
-4522
-4973
-7176
8162
9820
-4603
6391
-8430
-2779
3673
2772
8628
9716
-2366
6835
-5780
-9754
-1236
-27
-9777
9363
2967
-3229
8662
8503
472
-8504
6437
-3182
-6756
1942
6112
-9555
7969
5969
5720
6737
186
3839
-5024
-885
4318
1767
-4332
3606
3613
1819
-2376
5736
-9015
4412
-9298
-7696
5324
6020
7656
5932
9479
3596
9726
1071
1856
6879
1990
7519
2439
8335
6348
7844
-3123
7512
1535
-6511
3670
-3651
2348
2481
-6068
-5386
-2708
9876
871
6499
5478
975
-8703
9041
-861
-7364
2348
2907
-752
-8371
5982
-5388
1881
-9736
-2563
1248
3418
566
-7226
8162
-8447
5317
-2247
5225
-3133
6153
-9484
514
4002
-3191
473
-6536
-6172
6166
7278
-6646
6257
8223
3539
5154
2990
-302
-3354
-3587
-6725
4715
-9022
3980
-3995
-4663
9429
-6457
2003
-3198
7204
-8286
-324
-5762
4393
6172
-8748
-1523
-4121
3827
5210
957
-7618
8258
-3446
-1695
-7687
7690
5369
-2189
-4267
-7574
-3096
-7583
-2242
-7796
-7045
6779
-4552
-7692
2141
-9473
-7615
-8529
-3446
9887
-9484
-4322
8902
-9913
190
-3116
-9046
2144
4297
-5555
2991
2113
1286
6496
-8955
897
-5196
4666
-4748
5967
-2303
-7877
5042
-9600
3474
9628
8686
904
-8697
-1005
-5825
-5443
-4603
-627
1111
204
-8001
9463
-817
8408
-9267
-5629
2544
565
-2482
-5732
2093
2866
6122
2778
-3172
9666
1071
1908
7214
1
1818
9433
4218
1601
4001
6460
-5890
4457
7221
-8900
-5197
9873
-4946
7679
-970
-7518
-3656
6580
204
5572
-9278
7262
3548
4004
2853
3640
9501
2753
3086
5480
6267
-5219
-7465
762
4410
-8407
-1468
3761
-470
1809
639
9039
6962
-6643
-160
7726
-3134
5965
412
-3292
2907
5592
-7086
-4807
8252
5189
-298
-3975
-7415
2599
4426
5555
-7172
-9107
749
1381
6997
4439
8442
-8292
1507
-6563
-7221
-2822
5291
3528
-4437
6293
1441
8252
5877
6556
5125
8801
7214
9979
-1610
-5910
-8817
9241
7511
-1754
-3134
-7539
-7525
1605
2364
6964
5529
-2446
-4240
-7465
-481
-1271
-4768
8588
799
2576
8686
-9485
-9021
-321
7503
858
506
-9767
8955
9583
-6683
7808
-4747
-8430
-3966
8352
-4867
-3931
4782
-5539
3021
4828
1868
-428
-7187
-7651
5056
9310
7245
-2142
-7838
4134
8710
4806
-6524
2861
-1943
6180
-216
3892
1441
5125
-7874
7742
9995
-9074
-8542
-4913
-7948
-9210
-9714
7718
1063
-32
-2097
-456
-482
-3514
-4893
-7679
7969
-3483
3548
6683
-4774
-7031
-5104
-4252
-8552
-860
-5780
8015
6139
-3542
7021
9973
4333
8662
1553
-2745
6804
-3776
-6456
-7140
1998
5752
6087
8553
-2862
-9718
-2645
2809
-5464
934
2144
8480
-7326
-841
-156
-5286
-1354
8257
8470
-9481
6671
-500
-5404
9315
-6162
2832
9919
-2029
-5323
8809
2474
-9809
-8381
9479
-1860
-5601
-2230
-3558
-320
4631
-6161
-8111
1392
8437
-8054
-2557
5122
4750
-3134
4398
6020
4430
2055
-1419
1099
-2335
-5856
-9216
-7692
-2511
6825
4875
-8900
5587
766
5232
-6541
317
4027
2931
-1249
-9485
1368
-6678
-6541
-2390
3327
-5240
6841
8718
8196
7204
3302
-1983
-4322
-8287
2092
1872
-5805
-1201
4838
-1798
76
-4760
-3266
2270
566
5779
-4654
-9123
-3999
-2760
-9117
-6890
-9662
-5893
2455
5419
289
-9789
-1678
844
3850
-4025
8408
-7697
-5552
1120
-7246
-3350
-8451
-5804
6162
-826
-9916
-9145
-7440
-4218
-4299
-1065
-2309
-9232
-3865
7177
1886
3087
-3299
-150
8236
-9517
9111
4102
2433
3935
2427
-6353
4521
-9519
3666
-1966
-4107
-6023
-614
-9699
586
7404
-7217
-4472
-4603
9000
-9173
4982
-9169
-2820
-6161
6032
9382
-5811
-4296
9803
-8590
-1399
2704
2710
6656
-8557
-6889
6726
7862
-9201
6737
1243
-2661
9003
-1010
6048
-1091
-2673
-414
4471
2197
-1695
1530
4893
-983
-9736
-3853
-7665
2489
1662
-9491
-1793
-2114
-368
4893
354
-7042
-4132
-2891
-9399
104
-5818
2404
-8156
-8032
-3102
4853
-6347
3612
1945
-5050
-2891
3811
-8341
8403
2054
2481
2349
9047
-8111
6259
2599
-382
7127
8440
-6477
-4961
18
-7416
-9178
9722
-9430
-8096
-4592
8062
6693
412
3481
-4960
4890
7492
7826
6785
3169
4747
4619
-6006
3057
8398
-4900
-3071
7105
1099
4198
-7946
3078
-3541
8344
7464
-9643
-8457
-2194
8006
264
-1014
7743
-2760
-1091
-7044
4939
-1378
835
9178
9383
-2142
-445
-1646
9172
7978
1549
-8629
-7866
1223
3980
-8697
8269
3674
-1834
4735
7404
4004
-1353
-3002
-5354
6616
7721
-9984
-3402
8866
-8305
-9594
9041
1146
-1378
-643
1531
-319
6802
-5818
-6642
8273
101
-1132
1665
7759
484
5435
-3801
7547
9454
5076
6862
-4246
-6650
6483
-4389
-6350
2013
4903
-3938
-4098
5977
-6299
4455
3451
7364
9346
9009
-5893
-5609
5507
-3542
-2480
3422
-4413
8729
2273
-9335
-3438
8821
-8908
1381
3022
-2743
-4437
-4316
-3702
-7960
5543
2506
-7283
3327
-9278
7703
6527
-6829
-9103
-4280
7991
-462
6879
1988
-6391
8945
4088
-7747
4204
-9169
1861
-3947
4530
9646
7228
-797
3208
1996
-6309
-1320
5833
7963
-2022
-8195
-9006
-297
1950
-8959
5833
-6583
-346
7270
1377
-4455
-1117
5753
-5156
7981
-3381
-2841
-1211
-1354
-8195
-9876
-7389
-7023
-5910
7745
-1396
-3359
7350
-8303
6475
-9451
-7418
5349
-7635
-9071
745
195
-1107
4638
-262
8327
-855
-9250
-7239
1708
818
-5484
3607
3620
1243
-2984
7064
9064
-7407
4692
-3597
2685
-1011
-8433
-2537
-626
-8001
-7304
-8899
-70
-2243
6938
-8555
9466
4793
5659
4622
8450
6209
5042
8505
-2717
-3381
3039
-3483
1881
4871
-7871
1313
-7072
-5336
1450
7778
-6578
-8198
-9808
1599
5827
-5534
-2354
4125
-6353
7558
-4042
-3371
5539
3326
-3434
-8865
-4629
1294
1628
8486
-8726
-1798
5021
3676
791
4877
9443
-9448
1211
-5483
-1966
7615
5740
-2438
-2287
-6481
5368
-5166
-9915
3422
-3542
7016
1868
-6477
7090
-8687
494
-6983
-8325
3786
-5283
-4303
-5628
-3752
-8447
3366
-9970
4171
-2076
-7259
8940
8257
-9041
726
-431
-5812
-9429
8748
-3099
-2242
-1216
9383
-9253
784
-7917
2443
-6508
-2491
-9567
-3525
7078
8821
2479
5789
6067
5516
2462
-6592
-5764
5712
7282
498
-6681
-6022
5885
6442
-6412
1858
4404
-1993
8198
3788
7213
-9939
-935
-8332
1390
-6788
-2065
-4839
-7243
8752
6134
4965
1291
6528
4188
9080
865
5189
514
5422
-922
7897
-4910
1616
8194
2771
-8347
-4754
9907
-4537
-2818
8812
-2354
-5456
5618
8012
7387
3972
5082
-9177
781
-6093
-6626
5478
-8449
-8515
-6481
4919
-8482
2778
-1993
6821
4345
7829
3578
-1526
-1494
6277
-8290
-9073
4369
-7450
-5627
-7135
-8504
2325
-8800
9478
2274
6229
-8158
8162
-9898
-3702
5178
559
9024
-3796
-1816
-7525
3418
3459
-2080
-6076
-5976
-7959
9357
-1953
9239
5964
-9757
-2114
6349
-4451
1460
5529
8708
3867
-3977
3073
-7000
601
5795
7445
-4568
-8457
-2494
-7481
1662
934
-4364
-5448
