906691059,500000000 -> 413653999,500000000
813847339,500000000 -> 955892128,500000000
451585301,500000000 -> 43469773,500000000
278009742,500000000 -> 548977048,500000000
521760889,500000000 -> 434794718,500000000
985946604,500000000 -> 841597326,500000000
891047768,500000000 -> 325679554,500000000
511742081,500000000 -> 384452587,500000000
626401695,500000000 -> 957413342,500000000
975078788,500000000 -> 234551094,500000000
541903389,500000000 -> 149544006,500000000
302621084,500000000 -> 150050891,500000000
811538590,500000000 -> 101823753,500000000
663968655,500000000 -> 858351976,500000000
268979133,500000000 -> 976832602,500000000
571835844,500000000 -> 757172936,500000000
869964135,500000000 -> 646287425,500000000
968693314,500000000 -> 157798602,500000000
333018422,500000000 -> 106046331,500000000
783650878,500000000 -> 79180332,500000000
965120263,500000000 -> 913189317,500000000
734422154,500000000 -> 354546567,500000000
506959381,500000000 -> 601095367,500000000
108127101,500000000 -> 379880545,500000000
466188456,500000000 -> 339513621,500000000
655934894,500000000 -> 687649391,500000000
980338159,500000000 -> 219556306,500000000
593267777,500000000 -> 512185345,500000000
475338372,500000000 -> 929119463,500000000
559799206,500000000 -> 279701488,500000000
66872192,500000000 -> 864392046,500000000
986194169,500000000 -> 589161385,500000000
983541586,500000000 -> 15077162,500000000
100149903,500000000 -> 772777019,500000000
902041076,500000000 -> 428233516,500000000
762628805,500000000 -> 885670547,500000000
842938612,500000000 -> 717424032,500000000
671374073,500000000 -> 1227089,500000000
657019495,500000000 -> 529975199,500000000
889126174,500000000 -> 931581386,500000000
357701128,500000000 -> 261897306,500000000
784130654,500000000 -> 349185522,500000000
755530426,500000000 -> 934661370,500000000
67628851,500000000 -> 205156723,500000000
984641619,500000000 -> 609360019,500000000
238052747,500000000 -> 256211901,500000000
862585179,500000000 -> 153002188,500000000
862407391,500000000 -> 583031024,500000000
481003665,500000000 -> 97942384,500000000
86378036,500000000 -> 343656008,500000000
939617816,500000000 -> 545397109,500000000
525367680,500000000 -> 117099972,500000000
323676026,500000000 -> 591918701,500000000
312556224,500000000 -> 758664543,500000000
134014482,500000000 -> 587810202,500000000
357288142,500000000 -> 874527131,500000000
990258110,500000000 -> 580125104,500000000
218186327,500000000 -> 858378321,500000000
647665636,500000000 -> 587583849,500000000
630949021,500000000 -> 308869635,500000000
477803329,500000000 -> 98389211,500000000
640258139,500000000 -> 856776200,500000000
413284457,500000000 -> 340426463,500000000
618100572,500000000 -> 259960578,500000000
311738931,500000000 -> 197427541,500000000
203357385,500000000 -> 882043705,500000000
200499309,500000000 -> 35403863,500000000
657960185,500000000 -> 705082653,500000000
279233228,500000000 -> 511671263,500000000
74179727,500000000 -> 96448168,500000000
728774302,500000000 -> 813471022,500000000
139827434,500000000 -> 941425018,500000000
160578446,500000000 -> 991472818,500000000
41491065,500000000 -> 904584778,500000000
86165974,500000000 -> 964406045,500000000
750892138,500000000 -> 991152222,500000000
890519442,500000000 -> 580464750,500000000
733900802,500000000 -> 420150928,500000000
899650943,500000000 -> 757292284,500000000
563256980,500000000 -> 295959887,500000000
560267849,500000000 -> 871479689,500000000
252868059,500000000 -> 912128612,500000000
231070625,500000000 -> 961040769,500000000
729580033,500000000 -> 633294196,500000000
886119716,500000000 -> 450352272,500000000
622442780,500000000 -> 295505360,500000000
483788448,500000000 -> 528984689,500000000
708933076,500000000 -> 688479846,500000000
751861427,500000000 -> 984558132,500000000
851826326,500000000 -> 383720486,500000000
88447324,500000000 -> 348241149,500000000
657970849,500000000 -> 123855847,500000000
522315485,500000000 -> 630366659,500000000
676615553,500000000 -> 359993933,500000000
907395136,500000000 -> 204417731,500000000
260957515,500000000 -> 17404311,500000000
785430572,500000000 -> 291024799,500000000
125771988,500000000 -> 757345666,500000000
236717701,500000000 -> 399496590,500000000
853176974,500000000 -> 183053408,500000000
357057975,500000000 -> 457554822,500000000
876080016,500000000 -> 66778641,500000000
108026499,500000000 -> 840867096,500000000
157151230,500000000 -> 918395671,500000000
749118145,500000000 -> 234906321,500000000
48569708,500000000 -> 877376241,500000000
616183962,500000000 -> 680973951,500000000
977122252,500000000 -> 573590699,500000000
646575638,500000000 -> 730777019,500000000
79453567,500000000 -> 28665466,500000000
133620428,500000000 -> 681825964,500000000
202422473,500000000 -> 651050912,500000000
891298199,500000000 -> 618424775,500000000
128522037,500000000 -> 420057909,500000000
98281580,500000000 -> 397434735,500000000
895333637,500000000 -> 124603597,500000000
39075652,500000000 -> 650155153,500000000
23232029,500000000 -> 208940441,500000000
198612106,500000000 -> 771068318,500000000
133031422,500000000 -> 514573218,500000000
226104806,500000000 -> 780776980,500000000
859795110,500000000 -> 65589401,500000000
729443501,500000000 -> 24462604,500000000
584368327,500000000 -> 457004741,500000000
666364150,500000000 -> 108985031,500000000
897543642,500000000 -> 279086856,500000000
75166546,500000000 -> 237113630,500000000
77279011,500000000 -> 694631206,500000000
323262367,500000000 -> 376125286,500000000
468225146,500000000 -> 193614873,500000000
65543823,500000000 -> 540775579,500000000
501578337,500000000 -> 42282562,500000000
640470811,500000000 -> 108363356,500000000
750892480,500000000 -> 420129618,500000000
214056651,500000000 -> 279315953,500000000
384995823,500000000 -> 971090637,500000000
785547698,500000000 -> 504890752,500000000
900146288,500000000 -> 968841786,500000000
986212605,500000000 -> 611784315,500000000
181918284,500000000 -> 749146527,500000000
722242308,500000000 -> 218414852,500000000
823934009,500000000 -> 62331722,500000000
846804652,500000000 -> 726066136,500000000
169875223,500000000 -> 907767748,500000000
173896862,500000000 -> 367555292,500000000
568518618,500000000 -> 269173483,500000000
125856333,500000000 -> 640799873,500000000
989365466,500000000 -> 474931073,500000000
714688810,500000000 -> 187710998,500000000
14177427,500000000 -> 506403933,500000000
731519554,500000000 -> 440132567,500000000
966472923,500000000 -> 611080151,500000000
939314386,500000000 -> 546105224,500000000
985170071,500000000 -> 334412592,500000000
696787024,500000000 -> 383488697,500000000
417301431,500000000 -> 899431834,500000000
706110019,500000000 -> 269436896,500000000
164725704,500000000 -> 601939901,500000000
741765290,500000000 -> 13353394,500000000
491724582,500000000 -> 796259430,500000000
84904833,500000000 -> 360687651,500000000
793512518,500000000 -> 49066236,500000000
584458610,500000000 -> 301596004,500000000
144780777,500000000 -> 257838056,500000000
818370213,500000000 -> 517357894,500000000
378199318,500000000 -> 655128172,500000000
309106555,500000000 -> 723061459,500000000
385689345,500000000 -> 633805835,500000000
957717087,500000000 -> 680481575,500000000
916733261,500000000 -> 666876185,500000000
142103589,500000000 -> 768390427,500000000
333179489,500000000 -> 416630333,500000000
803680593,500000000 -> 444977927,500000000
890027574,500000000 -> 698826465,500000000
86675783,500000000 -> 1636619,500000000
638422114,500000000 -> 206490797,500000000
750097451,500000000 -> 359061085,500000000
171884353,500000000 -> 257070932,500000000
239549457,500000000 -> 684402395,500000000
481181646,500000000 -> 406570268,500000000
762732477,500000000 -> 939978708,500000000
723460608,500000000 -> 610047938,500000000
939027649,500000000 -> 444965483,500000000
33871702,500000000 -> 431930978,500000000
935968069,500000000 -> 753583819,500000000
609318785,500000000 -> 449067342,500000000
829128096,500000000 -> 711027416,500000000
761289437,500000000 -> 50229307,500000000
177892145,500000000 -> 478193272,500000000
68597402,500000000 -> 278342784,500000000
753247253,500000000 -> 169314669,500000000
479280461,500000000 -> 566477331,500000000
950203007,500000000 -> 523197449,500000000
975000372,500000000 -> 602803946,500000000
648515780,500000000 -> 811195599,500000000
74259,500000000 -> 949053720,500000000
41779491,500000000 -> 531054099,500000000
349979605,500000000 -> 335069990,500000000
899513085,500000000 -> 501321721,500000000
53533539,500000000 -> 868706372,500000000
500000000,883388791 -> 500000000,939541625
500000000,872323895 -> 500000000,445750406
500000000,201864855 -> 500000000,589014029
500000000,679773873 -> 500000000,89622060
500000000,899203367 -> 500000000,779058059
500000000,140146656 -> 500000000,15815452
500000000,431447525 -> 500000000,728549938
500000000,448271188 -> 500000000,339492618
500000000,3643005 -> 500000000,229270365
500000000,15345182 -> 500000000,770220930
500000000,810410745 -> 500000000,2531414
500000000,883401124 -> 500000000,725593810
500000000,567307172 -> 500000000,657196528
500000000,104995141 -> 500000000,204504794
500000000,127672084 -> 500000000,653221187
500000000,697143447 -> 500000000,213155334
500000000,938078651 -> 500000000,324716755
500000000,300629181 -> 500000000,739314194
500000000,195658470 -> 500000000,107568198
500000000,510677489 -> 500000000,916909061
500000000,990816453 -> 500000000,425949279
500000000,673922354 -> 500000000,87343983
500000000,23456429 -> 500000000,294971736
500000000,981272368 -> 500000000,486381622
500000000,858805076 -> 500000000,850770245
500000000,124317176 -> 500000000,924878153
500000000,275402724 -> 500000000,143259227
500000000,701762208 -> 500000000,559275098
500000000,877540436 -> 500000000,698773176
500000000,692499772 -> 500000000,372645341
500000000,123597712 -> 500000000,936156671
500000000,165828834 -> 500000000,298940263
500000000,914011721 -> 500000000,19944032
500000000,45416709 -> 500000000,43661859
500000000,220907071 -> 500000000,731214719
500000000,278817875 -> 500000000,599529909
500000000,337920759 -> 500000000,393949210
500000000,609313899 -> 500000000,976945260
500000000,912076881 -> 500000000,45102019
500000000,908772044 -> 500000000,804377386
500000000,753041790 -> 500000000,652401768
500000000,703689441 -> 500000000,530949948
500000000,764888201 -> 500000000,691643762
500000000,969277640 -> 500000000,492487109
500000000,687346382 -> 500000000,467550806
500000000,399914349 -> 500000000,935670148
500000000,577596634 -> 500000000,191435624
500000000,223170910 -> 500000000,403274795
500000000,630421213 -> 500000000,312496980
500000000,9553175 -> 500000000,148667019
162159897,291385004 -> 362399749,291385004
847851411,394279579 -> 847851411,363199583
836892542,666297724 -> 836892542,44241329
289504573,175943921 -> 289504573,626475933
310881389,387520525 -> 588930531,387520525
139200899,315043375 -> 139200899,513318027
784391738,257382447 -> 784391738,330583380
192829905,920236022 -> 192829905,324990145
432899574,897175439 -> 321290936,897175439
445303936,116663570 -> 445303936,602186609
975663621,516654816 -> 361937474,516654816
902854018,856711071 -> 133492741,856711071
514415238,124562708 -> 457988818,124562708
40613620,324166007 -> 788932866,324166007
737779266,960354455 -> 737779266,987508377
178838333,672959144 -> 865563137,672959144
685990591,93331546 -> 685990591,867339192
90913256,212644132 -> 90913256,65665921
413188634,8429959 -> 413188634,422848068
597510061,557276009 -> 481620759,557276009
988006421,524650442 -> 988006421,454233677
89832726,395492888 -> 89832726,280156999
628383764,834404940 -> 628383764,463020048
206099391,384958330 -> 206099391,68566947
882595045,927260825 -> 882595045,969600365
564590324,484914466 -> 564590324,127678950
533743611,427299428 -> 222513635,427299428
688265583,45206061 -> 688265583,669386850
157146940,112345275 -> 157146940,492211888
405908731,388310240 -> 405908731,112470460
640208333,523880146 -> 640208333,605487438
435839192,685437632 -> 942376582,685437632
559664997,531938059 -> 894999777,531938059
535196828,535417698 -> 535196828,582836800
654736205,999990155 -> 654736205,10420303
365308776,757625502 -> 878447923,757625502
345556846,38083755 -> 345556846,938969248
275824854,647022558 -> 275824854,904448527
406953635,625935843 -> 771087987,625935843
758462451,866569116 -> 71252575,866569116
858935293,90884872 -> 858935293,71247803
241689251,140117024 -> 241689251,322603900
16412288,814861301 -> 354972993,814861301
925461716,172539638 -> 925461716,932754703
704464471,494710536 -> 542239293,494710536
410419086,967538535 -> 410419086,616190882
97331355,728610445 -> 97331355,802047982
457807734,972574646 -> 457807734,311024502
574898876,967590328 -> 886584986,967590328
517772866,907840099 -> 652222902,907840099
629629811,250795052 -> 629629811,705431786
950535373,258447 -> 950535373,324744672
544234406,612319138 -> 357218674,612319138
70459844,529902351 -> 885858843,529902351
325134257,829444248 -> 412488364,829444248
869771176,411972648 -> 869771176,175873999
688252251,136709684 -> 688252251,308258758
783241681,891142030 -> 59621705,891142030
38583661,516824598 -> 151295463,516824598
528099469,955588866 -> 528099469,723212158
750219552,162536345 -> 441458425,162536345
37774011,656883964 -> 415197717,656883964
492721158,50501209 -> 492721158,505613437
835530433,162529889 -> 835530433,34859526
642420008,662928662 -> 642420008,676421158
347797169,113057311 -> 209351328,113057311
411687727,841187565 -> 119182039,841187565
946263565,64597195 -> 659632719,64597195
678940521,362780184 -> 678940521,732860596
766240300,667907621 -> 846716817,667907621
911748065,136482383 -> 858286093,136482383
315469137,984500358 -> 315469137,557279854
923882019,843412548 -> 923882019,41000197
839788625,420935133 -> 398982751,420935133
812410481,204523720 -> 382846736,204523720
847782227,678619232 -> 847782227,47932804
968437303,42928923 -> 274218980,42928923
967518050,28621663 -> 967518050,246590432
100369324,833591564 -> 544501697,833591564
327825821,121810533 -> 327825821,457382064
957608170,607751800 -> 990935485,607751800
90228731,112490154 -> 67562878,112490154
106526989,445776208 -> 106526989,788426432
32964780,849697913 -> 462875400,849697913
737035826,447771293 -> 737035826,533246788
987071910,927774860 -> 775824398,927774860
271212079,84330118 -> 75515690,84330118
130328634,385745309 -> 130328634,370918856
373530870,191026896 -> 373530870,891495676
247490546,879401751 -> 75717705,879401751
640582595,959318625 -> 640582595,223314721
3470443,219892447 -> 3470443,803133995
7714368,314888701 -> 740308992,314888701
26467747,649450851 -> 26467747,922532788
152350478,200780813 -> 120678952,200780813
511846186,369849948 -> 139755761,369849948
29996306,223467287 -> 359717647,223467287
508277597,314211204 -> 943185885,314211204
593998830,682809294 -> 197617403,682809294
636749724,86768017 -> 636749724,572549072
623682279,330457471 -> 623682279,404359285
963871529,157761504 -> 963871529,863707510
239248389,339185828 -> 239248389,254108724
810523051,197508820 -> 399927947,197508820
450741116,712100766 -> 450741116,924464447
141984971,645542410 -> 141984971,422840790
83667167,753948784 -> 83667167,141755692
451220354,321463979 -> 795512574,321463979
994710563,152775719 -> 320005247,152775719
683937079,380710321 -> 683937079,266350791
477612342,679441276 -> 684021328,679441276
568232012,62123606 -> 438759065,62123606
9049078,447992442 -> 473839462,447992442
219032889,398998785 -> 505611655,398998785
97771157,199134227 -> 97771157,297394539
120429529,599342912 -> 120429529,854330362
754408952,479065352 -> 199050999,479065352
824247971,452801553 -> 187622640,452801553
266242514,486885043 -> 561941335,486885043
153080677,381572894 -> 678086128,381572894
684299450,92878022 -> 810712739,92878022
218656683,316462132 -> 218656683,891392288
750536638,482204972 -> 8350118,482204972
234864045,320576494 -> 234864045,825314750
675298117,323366976 -> 675298117,455491023
758377450,806758604 -> 99378075,806758604
728188880,534379398 -> 728188880,583837258
818185917,435193045 -> 678675271,435193045
23213639,129741958 -> 948884995,129741958
717784242,43537144 -> 717784242,275496189
427809463,564897623 -> 477369027,564897623
109555728,801602977 -> 379913518,801602977
304294675,935549120 -> 304294675,639316533
91546410,38065185 -> 91546410,850657436
281843047,328139723 -> 126899987,328139723
569282276,922830889 -> 569282276,956380674
987818949,818191871 -> 987818949,73114265
445420748,924428446 -> 303598233,924428446
558167623,144332937 -> 558167623,570560431
113071881,441097971 -> 796101243,441097971
835961971,970711709 -> 313805523,970711709
474985388,399221849 -> 474985388,168652598
132390453,748432341 -> 132390453,409554935
430802977,634648503 -> 149822524,634648503
600880047,717536980 -> 380166730,717536980
678724527,507520792 -> 234086409,507520792
511869102,524907454 -> 529053805,524907454
700138160,64662998 -> 322321353,64662998
153342601,800162815 -> 56270380,800162815
952768948,666946359 -> 952768948,27430670
381609305,506300267 -> 954067970,506300267
10855625,908626999 -> 10855625,737548556
931052034,87373493 -> 6897128,87373493
387919640,44214393 -> 387919640,666661393
4016189,290262195 -> 780717631,290262195
967147054,243403336 -> 967147054,807039312
615093365,309156158 -> 615093365,113237099
466024257,494882125 -> 412456613,494882125
180662859,355081610 -> 695790022,355081610
963362214,738167125 -> 158934503,738167125
480276010,761098011 -> 480276010,562814520
339379401,138752181 -> 339379401,977526398
200601212,476874873 -> 847544939,476874873
417551494,458799363 -> 418261541,458799363
783598682,236394487 -> 783598682,471664757
219331861,629782065 -> 219331861,972619083
416985059,35733317 -> 416985059,679867337
90899824,935239193 -> 90899824,390423441
61193062,797964991 -> 61193062,250250750
655819898,319467370 -> 655819898,756906071
932913624,549883210 -> 828317286,549883210
942162762,948062162 -> 441772101,948062162
492089786,57917654 -> 623801197,57917654
488125571,526350461 -> 756039672,526350461
510727950,231305027 -> 285477931,231305027
45349609,47037683 -> 45349609,174866952
375597293,4160264 -> 702901013,4160264
7655844,150760863 -> 7655844,844690514
459287234,730685604 -> 459287234,653519985
425754189,598899366 -> 425754189,487161146
207069216,364539363 -> 207069216,651068194
947933841,91934351 -> 346742351,91934351
575419486,489351807 -> 274340886,489351807
30955030,560482826 -> 30955030,204152439
395893041,86023842 -> 395893041,934099377
563193264,371243246 -> 563193264,899034220
216489533,269806690 -> 335256657,269806690
555017732,923411953 -> 273416734,923411953
517634468,369303167 -> 517634468,47784627
328366037,592677332 -> 328366037,9887511
494920956,531824899 -> 50968950,531824899
984780292,868660016 -> 529979615,868660016
494470647,472563017 -> 494470647,91929204
87485256,258926827 -> 87485256,887195350
821886419,165136855 -> 949459268,165136855
987020160,229207937 -> 657942491,229207937
82831999,878330108 -> 600233720,878330108
810490274,951984148 -> 42253548,951984148
193691639,268143601 -> 236277426,268143601
137530730,902435989 -> 378068306,902435989
343164659,466909854 -> 343164659,598132247
965965668,306559505 -> 965965668,763503397
318516116,834795998 -> 551941380,834795998
649259362,496151876 -> 292644277,496151876
248880343,17779473 -> 248880343,660213415
841269882,764403953 -> 841269882,185302256
786929280,445237511 -> 786929280,234145193
305540731,944665687 -> 305540731,796632204
575014632,553280974 -> 922447115,553280974
53440517,130775197 -> 692774963,130775197
292578346,126963856 -> 246491070,126963856
724649143,769388908 -> 237896068,769388908
794428909,893138327 -> 794428909,69564709
556362864,330195418 -> 250829499,330195418
400717139,674859324 -> 307982494,674859324
624982597,184020425 -> 624982597,869461189
16641665,593911055 -> 394049564,593911055
628601691,681627981 -> 628601691,871873728
139396231,941500389 -> 166691040,941500389
189799855,548117835 -> 189799855,145578744
821456108,221732233 -> 611493863,221732233
823832629,747000828 -> 823832629,252668484
786580945,141872009 -> 786580945,816007861
412968218,379527366 -> 412968218,675372181
535223739,967237212 -> 535223739,661442971
895429571,27932811 -> 525273574,27932811
489199889,331463302 -> 489199889,236302220
596487691,700899387 -> 596487691,709581505
943903403,531178941 -> 586294003,531178941
337094438,756154840 -> 337094438,278269104
147579670,648868617 -> 755290242,648868617
205156229,882289682 -> 843283274,882289682
313240708,412415992 -> 313240708,224050637
41111287,338397588 -> 41111287,368471011
926599172,473729630 -> 926599172,279287324
369551553,721108738 -> 369551553,327386484
18228400,382636389 -> 18228400,786315979
676927446,162367169 -> 23608584,162367169
527322227,674127280 -> 527322227,26376125
259273241,48278919 -> 259273241,242424674
702094946,350756969 -> 702094946,881495704
67007686,370364160 -> 145868609,370364160
958238267,989972284 -> 958238267,482074483
467306597,152530354 -> 334955732,152530354
189983081,696939724 -> 781753019,696939724
843191551,802416936 -> 410886939,802416936
10343615,439465815 -> 573062003,439465815
570518412,863933234 -> 815062414,863933234
45031711,606372570 -> 45031711,439089326
419080223,183948744 -> 419080223,537466056
